0 17
1 10
2 18
3 13
4 18
5 17
6 17
7 26
8 18
9 13
10 18
11 17
12 20
13 15
14 17
15 17
16 22
17 23
18 14
19 21
20 19
21 14
22 18
23 21
24 16
25 11
26 20
27 16
28 25
29 23
30 15
31 23
32 25
33 12
34 22
35 10
36 16
37 17
38 20
39 18
40 16
41 10
42 23
43 21
44 19
45 18
46 16
47 16
48 27
49 24
50 6
51 21
52 12
53 16
54 21
55 25
56 17
57 11
58 17
59 18
60 25
61 22
62 22
63 16
64 16
65 24
66 22
67 10
68 16
69 18
70 16
71 17
72 19
73 13
74 21
75 11
76 21
77 17
78 19
79 19
80 26
81 24
82 19
83 23
84 20
85 26
86 25
87 12
88 14
89 15
90 19
91 18
92 12
93 19
94 18
95 27
96 20
97 17
98 16
99 16
100 16
101 19
102 16
103 19
104 16
105 15
106 19
107 17
108 18
109 14
110 20
111 19
112 25
113 9
114 16
115 16
116 16
117 16
118 17
119 15
120 19
121 22
122 16
123 24
124 15
125 20
126 23
127 17
128 23
129 19
130 26
131 16
132 12
133 16
134 15
135 13
136 23
137 18
138 23
139 25
140 18
141 23
142 19
143 18
144 22
145 12
146 14
147 19
148 20
149 12
150 18
151 18
152 22
153 21
154 17
155 21
156 15
157 23
158 27
159 9
160 18
161 18
162 17
163 17
164 22
165 22
166 16
167 19
168 23
169 14
170 23
171 17
172 15
173 13
174 14
175 12
176 19
177 23
178 15
179 16
180 10
181 22
182 18
183 21
184 16
185 24
186 19
187 14
188 15
189 12
190 21
191 25
192 19
193 19
194 20
195 18
196 21
197 17
198 16
199 15
200 19
201 22
202 18
203 18
204 15
205 16
206 17
207 13
208 21
209 18
210 21
211 19
212 12
213 16
214 23
215 17
216 19
217 16
218 10
219 13
220 20
221 22
222 19
223 16
224 26
225 18
226 29
227 20
228 21
229 24
230 15
231 19
232 18
233 10
234 18
235 16
236 21
237 27
238 15
239 23
240 18
241 17
242 11
243 21
244 27
245 18
246 13
247 21
248 23
249 20
250 12
251 17
252 26
253 20
254 15
255 17